13, -1 return;
28, 161 leftArrow;
29, 162 rightArrow;
30, 163 upArrow;
31, 164 downArrow;
32, 160 space;
33, 140 exclamationPoint;
34, 110 quotationMark;
35, 142 #;
36, 143 dollarSign;
37, 144 %;
38, 146 &;
39, 30 ';
40, 148 (;
41, 149 );
42, 147 *;
43, 151 +;
44, 7 comma;
45, 70 -;
46, 8 .;
47, 9 /;
48, 69 0;
49, 60 1;
50, 61 2;
51, 62 3;
52, 63 4;
53, 64 5;
54, 65 6;
55, 66 7;
56, 67 8;
57, 68 9;
58, 109 :;
59, 29 semicolon;
60, 87 <;
61, 71 =;
62, 88 >;
63, 89 ?;
64, 141 @;
65, 100 A;
66, 84 B;
67, 82 C;
68, 102 D;
69, 122 E;
70, 103 F;
71, 104 G;
72, 105 H;
73, 127 I;
74, 106 J;
75, 107 K;
76, 108 L;
77, 86 M;
78, 85 N;
79, 128 O;
80, 129 P;
81, 120 Q;
82, 123 R;
83, 101 S;
84, 124 T;
85, 126 U;
86, 83 V;
87, 121 W;
88, 81 X;
89, 125 Y;
90, 80 Z;
91, 50 [;
92, 52 backslash;
93, 51 ];
94, 145 ^;
95, 150 underscore;
96, 59 `;
97, 20 a;
98, 4 b;
99, 2 c;
100, 22 d;
101, 42 e;
102, 23 f;
103, 24 g;
104, 25 h;
105, 47 i;
106, 26 j;
107, 27 k;
108, 28 l;
109, 6 m;
110, 5 n;
111, 48 o;
112, 49 p;
113, 40 q;
114, 43 r;
115, 21 s;
116, 44 t;
117, 46 u;
118, 3 v;
119, 41 w;
120, 1 x;
121, 45 y;
122, 0 z;
123, 130 {;
124, 132 |;
125, 131 };
126, 139 ~;
